7
2
2
18 17 17 32 0 -1
18 25 17 16 0 2
haar_y4
-6.476782e-002 0 1
2
24 21 18 2 0 -1
24 21 9 2 0 2
tilted_haar_x2
-1.339494e-002 -1 -2
4.109506e-001 2.106346e-001 -6.688835e-001 
2
2
40 27 10 8 0 -1
45 27 5 8 0 2
haar_x2
4.168970e-003 1 0
3
42 18 8 22 0 -1
42 18 4 11 0 2
46 29 4 11 0 2
haar_x2_y2
-9.256421e-003 -1 -2
4.408772e-001 4.353650e-001 -5.413783e-001 
2
2
20 23 9 2 0 -1
23 23 3 2 0 3
haar_x3
-1.692412e-004 1 0
2
21 10 16 10 0 -1
21 10 8 10 0 2
tilted_haar_x2
-8.080761e-003 -1 -2
-4.861286e-001 -9.627850e-001 4.074724e-001 
2
2
0 25 12 12 0 -1
6 25 6 12 0 2
haar_x2
-9.687649e-003 0 1
2
0 33 10 6 0 -1
5 33 5 6 0 2
haar_x2
6.724944e-003 -1 -2
5.125101e-001 -4.907975e-001 4.795405e-001 
2
3
25 11 22 10 0 -1
25 11 11 5 0 2
36 16 11 5 0 2
haar_x2_y2
-3.753257e-003 0 1
2
47 23 3 27 0 -1
47 32 3 9 0 3
haar_y3
8.481284e-003 -1 -2
3.655919e-001 -5.749050e-001 3.087383e-001 
2
2
38 7 7 20 0 -1
38 7 7 10 0 2
tilted_haar_y2
5.367567e-002 1 0
2
7 12 26 9 0 -1
20 12 13 9 0 2
haar_x2
-3.417816e-003 -1 -2
-8.843720e-001 -4.078345e-001 3.971235e-001 
2
2
17 15 14 18 0 -1
17 21 14 6 0 3
haar_y3
4.278176e-002 1 0
2
17 21 29 24 0 -1
17 33 29 12 0 2
haar_y2
1.116967e-001 -1 -2
6.609184e-001 -5.757108e-001 4.220879e-001 
-1.725307e+000

1
-1
