7
2
2
9 30 12 8 0 -1
9 30 12 4 0 2
tilted_haar_y2
-2.051274e-002 0 1
2
12 26 8 12 0 -1
8 30 8 4 0 3
tilted_haar_y3
2.398818e-002 -1 -2
5.159577e-001 -4.484608e-001 3.159148e-001 
2
2
22 23 6 3 0 -1
24 24 2 1 0 9
haar_point
-1.246022e-003 0 1
2
18 15 17 21 0 -1
18 22 17 7 0 3
haar_y3
-2.757266e-002 -1 -2
3.458169e-001 1.376772e-001 -8.049583e-001 
2
2
2 28 48 7 0 -1
18 28 16 7 0 3
haar_x3
-1.410001e-002 1 0
2
20 15 8 8 0 -1
20 19 8 4 0 2
haar_y2
3.142802e-003 -1 -2
-5.605032e-001 -1.367117e-001 5.730146e-001 
2
2
2 15 30 4 0 -1
17 15 15 4 0 2
haar_x2
1.225788e-003 0 1
2
32 26 10 20 0 -1
32 36 10 10 0 2
haar_y2
2.121052e-002 -1 -2
-3.550858e-001 -1.678546e-001 6.238400e-001 
2
2
21 10 16 11 0 -1
21 10 8 11 0 2
tilted_haar_x2
-1.005609e-002 0 1
2
38 8 7 20 0 -1
38 8 7 10 0 2
tilted_haar_y2
5.909368e-002 -1 -2
-9.824532e-001 2.289863e-001 -8.398684e-001 
2
3
14 20 24 8 0 -1
14 20 12 4 0 2
26 24 12 4 0 2
haar_x2_y2
-1.502181e-002 0 1
3
16 26 14 6 0 -1
16 26 7 3 0 2
23 29 7 3 0 2
haar_x2_y2
-2.684340e-003 -1 -2
5.724826e-001 2.904161e-001 -4.203003e-001 
2
2
36 23 14 19 0 -1
43 23 7 19 0 2
haar_x2
1.533472e-002 1 0
2
21 17 22 2 0 -1
21 17 11 2 0 2
tilted_haar_x2
-8.949457e-003 -1 -2
3.402588e-001 2.300652e-001 -6.438343e-001 
-1.142665e+000

2
-1
