3
2
2
15 16 21 30 0 -1
15 26 21 10 0 3
haar_y3
-5.738902e-002 0 1
2
22 19 6 9 0 -1
24 22 2 3 0 9
haar_point
-1.017101e-002 -1 -2
6.843456e-001 1.353139e-001 -9.024352e-001 
2
2
24 13 2 20 0 -1
24 23 2 10 0 2
haar_y2
-1.104290e-003 1 0
2
30 27 11 22 0 -1
30 38 11 11 0 2
haar_y2
2.869550e-002 -1 -2
-7.613275e-001 -1.344932e-001 7.007279e-001 
2
2
2 28 48 7 0 -1
18 28 16 7 0 3
haar_x3
-1.474833e-002 1 0
2
21 22 9 6 0 -1
24 24 3 2 0 9
haar_point
-2.612620e-003 -1 -2
-6.328707e-001 6.560246e-001 -2.693164e-001 
-1.669799e+000

-1
-1
