5
2
2
27 29 13 20 0 -1
27 39 13 10 0 2
haar_y2
2.737430e-002 1 0
2
17 16 13 6 0 -1
17 19 13 3 0 2
haar_y2
2.233365e-003 -1 -2
5.988824e-001 -8.325909e-001 2.016775e-001 
2
2
21 22 9 6 0 -1
24 24 3 2 0 9
haar_point
-2.631395e-003 1 0
2
19 16 19 27 0 -1
19 25 19 9 0 3
haar_y3
-2.159042e-002 -1 -2
-5.747346e-001 6.684403e-001 -4.242283e-001 
2
2
2 32 48 4 0 -1
14 32 24 4 0 2
haar_x4
-1.690213e-002 0 1
3
19 16 6 12 0 -1
19 16 3 6 0 2
22 22 3 6 0 2
haar_x2_y2
-2.661839e-003 -1 -2
5.342140e-001 2.833259e-001 -6.574478e-001 
2
2
18 13 16 6 0 -1
18 13 8 6 0 2
tilted_haar_x2
9.648748e-003 0 1
2
17 9 18 12 0 -1
17 9 9 12 0 2
tilted_haar_x2
7.270271e-002 -1 -2
-5.696791e-001 5.357800e-001 -8.020503e-001 
2
2
25 19 1 8 0 -1
25 21 1 4 0 2
haar_y4
-4.806590e-004 0 1
2
24 21 3 6 0 -1
24 24 3 3 0 2
haar_y2
-3.795918e-003 -1 -2
4.844755e-001 3.688631e-001 -7.808880e-001 
-1.160130e+000

0
-1
